0001100000011111
0001100000011110
0000100000001011
1000010010001011
0001100100001010
0000100100001100
1000010101001100
1100010000000000
0000100001001010
1100010000000000
0000100001001011
1100010000000000
0000100001001101
1100010000000000
0000100001001110
1100010000000000
0000100001001111
1100010000000000
0000100001010000
1100010000000000
0000100001010001
1100010000000000
0000100001010010
1100010000000000
0000100001010011
1100010000000000
0000100001010100
1100010000000000
0000100001010101
1100010000000000
0000100001010110
1100010000000000
0000100001010111
1100010000000000
0000100001011000
1100010000000000
0000100001011001
1100010000000000
0000100001011010
1100010000000000
0000100001011011
1100010000000000
0000100001011100
1100010000000000
0000100001011101
1100010000000000
0000100001011110
1100010000000000
0000100001011111
0000010001001010
0000011001011111
0100010010000000
0000011000001011
0001101000011111
0001101000011011
0000101000001011
1000010010001011
0010000110000110
0000010101001010
0001010101011111
0000010001001010
0000100000001110
0000100100001101
0010110010001101
0011100010001001
0000010001001010
1100100000000001
0000000000000000
0000010101001010
0000100100001110
0001010101011111
0000100100001101
0000011000001011
0001101000010000
0000101000001011
1000010010001011
0000010001001011
0001010001011111
0010010010001000
0000010001001011
1100100000000001
0000000000000000
0000011000001101
0100011000000000
0010001010001110
0000100000001101
0000010001001011
0000100000001110
0000011000001011
0001101000010000
0000101000001011
1000010010001011
0000010001001101
0001010001011111
0010010010001000
0000010001001101
1100100000000001
0000000000000000
0000011000001101
0100011000000000
0010001010001110
0000100000001101
0000010001001101
0000100000001110
0000011000001011
0001101000010000
0000101000001011
1000010010001011
0000010001001110
0001010001011111
0010010010001000
0000010001001110
1100100000000001
0000000000000000
0000011000001101
0100011000000000
0010001010001110
0000100000001101
0000010001001110
0000100000001110
0000011000001011
0001101000010000
0000101000001011
1000010010001011
0000010001001111
0001010001011111
0010010010001000
0000010001001111
1100100000000001
0000000000000000
0000011000001101
0100011000000000
0010001010001110
0000100000001101
0000010001001111
0000100000001110
0000011000001011
0001101000010000
0000101000001011
1000010010001011
0000010001010000
0001010001011111
0010010010001000
0000010001010000
1100100000000001
0000000000000000
0000011000001101
0100011000000000
0010001010001110
0000100000001101
0000010001010000
0000100000001110
0000011000001011
0001101000010000
0000101000001011
1000010010001011
0000010001010001
0001010001011111
0010010010001000
0000010001010001
1100100000000001
0000000000000000
0000011000001101
0100011000000000
0010001010001110
0000100000001101
0000010001010001
0000100000001110
0000011000001011
0001101000010000
0000101000001011
1000010010001011
0000010001010010
0001010001011111
0010010010001000
0000010001010010
1100100000000001
0000000000000000
0000011000001101
0100011000000000
0010001010001110
0000100000001101
0000010001010010
0000100000001110
0000011000001011
0001101000010000
0000101000001011
1000010010001011
0000010001010011
0001010001011111
0010010010001000
0000010001010011
1100100000000001
0000000000000000
0000011000001101
0100011000000000
0010001010001110
0000100000001101
0000010001010011
0000100000001110
0000011000001011
0001101000010000
0000101000001011
1000010010001011
0000010001010100
0001010001011111
0010010010001000
0000010001010100
1100100000000001
0000000000000000
0000011000001101
0100011000000000
0010001010001110
0000100000001101
0000010001010100
0000100000001110
0000011000001011
0001101000010000
0000101000001011
1000010010001011
0000010001010101
0001010001011111
0010010010001000
0000010001010101
1100100000000001
0000000000000000
0000011000001101
0100011000000000
0010001010001110
0000100000001101
0000010001010101
0000100000001110
0000011000001011
0001101000010000
0000101000001011
1000010010001011
0000010001010110
0001010001011111
0010010010001000
0000010001010110
1100100000000001
0000000000000000
0000011000001101
0100011000000000
0010001010001110
0000100000001101
0000010001010110
0000100000001110
0000011000001011
0001101000010000
0000101000001011
1000010010001011
0000010001010111
0001010001011111
0010010010001000
0000010001010111
1100100000000001
0000000000000000
0000011000001101
0100011000000000
0010001010001110
0000100000001101
0000010001010111
0000100000001110
0000011000001011
0001101000010000
0000101000001011
1000010010001011
0000010001011000
0001010001011111
0010010010001000
0000010001011000
1100100000000001
0000000000000000
0000011000001101
0100011000000000
0010001010001110
0000100000001101
0000010001011000
0000100000001110
0000011000001011
0001101000010000
0000101000001011
1000010010001011
0000010001011001
0001010001011111
0010010010001000
0000010001011001
1100100000000001
0000000000000000
0000011000001101
0100011000000000
0010001010001110
0000100000001101
0000010001011001
0000100000001110
0000011000001011
0001101000010000
0000101000001011
1000010010001011
0000010001011010
0001010001011111
0010010010001000
0000010001011010
1100100000000001
0000000000000000
0000011000001101
0100011000000000
0010001010001110
0000100000001101
0000010001011010
0000100000001110
0000011000001011
0001101000010000
0000101000001011
1000010010001011
0000010001011011
0001010001011111
0010010010001000
0000010001011011
1100100000000001
0000000000000000
0000011000001101
0100011000000000
0010001010001110
0000100000001101
0000010001011011
0000100000001110
0000011000001011
0001101000010000
0000101000001011
1000010010001011
0000010001011100
0001010001011111
0010010010001000
0000010001011100
1100100000000001
0000000000000000
0000011000001101
0100011000000000
0010001010001110
0000100000001101
0000010001011100
0000100000001110
0000011000001011
0001101000010000
0000101000001011
1000010010001011
0000010001011101
0001010001011111
0010010010001000
0000010001011101
1100100000000001
0000000000000000
0000011000001101
0100011000000000
0010001010001110
0000100000001101
0000010001011101
0000100000001110
0000011000001011
0001101000010000
0000101000001011
1000010010001011
0000010001011110
0001010001011111
0010010010001000
0000010001011110
1100100000000001
0000000000000000
0000011000001101
0100011000000000
0010001010001110
0000100000001101
0000010001011110
0000100000001110
0000010000001110
1100100000000001
0000000000000000